74,9
74,8
96,3
80,4
310,3
309,5
84,3
83,3
78,3
77,3
74,7
74,6
74,5
74,4
304,6
9,3
308,5
252,127
252,68
384,4
248,155
248,201
336,4
336,3
335,5
332,4
332,3
81,5
81,4
269,4
420,3
423,3
424,3
54,3
257,43
331,7
331,17
331,25
252,70
252,49
248,113
252,50
252,45
212,558
408,25
408,10
351,76
351,55
318,35
318,43
386,5
386,8
328,11
206,5
206,6
321,5
257,18
257,4
331,45
331,44
331,3
331,43
331,4
252,87
252,89
252,4
327,4
252,192
252,84
248,235
248,212
252,88
252,3
252,255
252,5
212,1096
212,575
212,9
318,58
408,104
408,200
408,199
408,101
408,3
408,197
408,4
351,100
351,129
351,97
351,3
351,63
351,4
318,49
318,47
318,3
318,51
318,5
389,4
386,6
386,3
386,9
386,4
328,27
328,4
402,8
402,7
402,6
402,5
402,3
384,5
248,65
248,144
248,5
248,142
248,154
248,135
248,152
248,131
248,59
248,149
248,49
248,147
248,36
248,35
248,4
335,3
335,7
335,6
335,4
260,3
260,5
206,4
2,28
46,3
46,4
212,530
212,208
212,550
212,109
212,545
212,86
212,532
212,539
212,1097
212,60
212,59
212,5
212,1220
212,4
195,9
192,5
324,3
72,3
412,6
380,15
380,3
380,19
380,4
369,5
369,3
369,10
369,4
368,5
368,3
368,4
363,7
363,3
363,5
324,5
324,4
405,3
405,4
325,4
5,3
192,3
248,232
248,74
76,3
248,216
248,229
0,387
173,4
248,9
248,3
81,3
329,3
0,385
113,4
28,3
28,4
298,3
70,4
250,14
250,15
250,10
250,17
250,9
250,4
402,9
402,4
318,56
318,50
318,46
318,41
318,37
318,34
318,30
318,25
318,22
318,18
318,14
318,10
318,9
318,4
212,700
212,1036
212,492
212,1029
212,1035
212,698
212,690
212,689
212,688
212,694
212,1019
212,1022
212,693
212,687
212,1021
212,686
212,685
212,684
212,691
212,692
212,1020
212,1018
212,1017
212,1016
212,1013
212,1015
212,683
212,507
212,506
212,490
212,682
212,1177
212,1014
212,1175
212,1176
212,679
212,1012
212,1152
212,676
212,677
212,1008
212,1010
212,1171
212,505
212,1005
212,1033
212,491
212,1032
212,1031
212,459
212,1002
212,696
212,1030
212,1170
212,1003
212,670
212,671
212,488
212,503
212,1168
212,1167
212,1166
212,999
212,1169
212,998
212,502
212,996
212,669
212,1161
212,668
212,997
212,993
212,501
212,667
212,995
212,1162
212,994
212,489
212,666
212,1160
212,662
212,990
212,991
212,659
212,658
212,657
212,643
212,986
212,486
212,985
212,642
212,1157
212,641
212,984
212,645
212,644
212,987
212,447
212,458
212,974
212,445
212,1154
212,444
212,442
212,504
212,672
212,1172
212,1004
212,483
212,441
212,1086
212,969
212,968
212,1011
212,992
212,510
212,1188
212,1187
212,1186
212,1081
212,482
212,970
212,983
212,981
212,965
212,1174
212,1173
212,1006
212,962
212,429
212,964
212,428
212,963
212,426
212,451
212,425
212,1079
212,959
212,958
212,1185
212,508
212,1409
212,1408
212,1085
212,1078
212,421
212,1184
212,1084
212,1180
212,1183
212,509
212,1082
212,1182
212,1181
212,957
212,439
212,1077
212,955
212,487
212,956
212,420
212,1027
212,452
212,1025
212,1026
212,1024
212,952
212,954
212,417
212,418
212,953
212,950
212,481
212,892
212,307
212,1001
212,1165
212,1156
212,894
212,951
212,480
212,893
212,306
212,1075
212,440
212,891
212,890
212,304
212,450
212,888
212,889
212,1037
212,887
212,886
212,937
212,303
212,477
212,936
212,885
212,403
212,884
212,935
212,883
212,934
212,476
212,882
212,655
212,881
212,402
212,302
212,933
212,880
212,932
212,879
212,238
212,931
212,878
212,401
212,301
212,654
212,930
212,877
212,929
212,876
212,475
212,400
212,875
212,928
212,874
212,927
212,300
212,653
212,474
212,399
212,873
212,926
212,872
212,925
212,871
212,448
212,924
212,870
212,398
212,299
212,869
212,923
212,868
212,473
212,652
212,922
212,867
212,397
212,866
212,921
212,298
212,472
212,920
212,865
212,396
212,864
212,651
212,919
212,863
212,234
212,918
212,862
212,861
212,917
212,297
212,395
212,860
212,916
212,859
212,650
212,235
212,915
212,858
212,394
212,296
212,914
212,857
212,471
212,913
212,856
212,393
212,855
212,649
212,912
212,854
212,470
212,911
212,295
212,910
212,853
212,392
212,852
212,479
212,909
212,851
212,908
212,850
212,648
212,391
212,294
212,849
212,456
212,907
212,848
212,433
212,906
212,847
212,390
212,846
212,511
212,905
212,293
212,647
212,904
212,899
212,903
212,898
212,469
212,389
212,897
212,961
212,896
212,845
212,960
212,292
212,646
212,468
212,388
212,842
212,290
212,289
212,228
212,288
212,287
212,220
212,286
212,285
212,284
212,283
212,282
212,281
212,455
212,841
212,280
212,840
212,279
212,839
212,278
212,838
212,277
212,837
212,276
212,835
212,836
212,229
212,275
212,834
212,833
212,274
212,273
212,272
212,271
212,218
212,270
212,269
212,268
212,267
212,203
212,266
212,265
212,264
212,453
212,263
212,262
212,261
212,260
212,211
212,259
212,258
212,257
212,256
212,191
212,206
212,190
212,189
212,188
212,843
212,205
212,187
212,186
212,185
212,844
212,184
212,196
212,183
212,180
212,182
212,181
212,500
212,1073
212,1072
212,829
212,179
212,125
212,178
212,177
212,176
212,175
212,115
212,174
212,173
212,172
212,171
212,454
212,170
212,168
212,167
212,166
212,112
212,165
212,164
212,163
212,162
212,161
212,107
212,160
212,159
212,828
212,1344
212,1282
212,1281
212,1158
212,1159
212,1280
212,825
212,158
212,157
212,169
212,110
212,154
212,153
212,152
212,151
212,150
212,105
212,149
212,148
212,821
212,824
212,823
212,467
212,822
212,819
212,820
212,948
212,145
212,144
212,91
212,92
212,816
212,142
212,1069
212,141
212,499
212,1153
212,815
212,1066
212,1068
212,1087
212,1067
212,139
212,814
212,94
212,138
212,137
212,1065
212,1193
212,81
212,133
212,134
212,811
212,498
212,809
212,1063
212,128
212,71
212,1061
212,1060
212,466
212,807
212,806
212,70
212,67
212,804
212,127
212,64
212,803
212,126
212,61
212,805
212,1059
212,800
212,801
212,799
212,946
212,465
212,409
212,1164
212,291
212,140
212,1163
212,58
212,484
212,797
212,976
212,798
212,794
212,791
212,65
212,55
212,1000
212,975
212,792
212,675
212,1055
212,832
212,1009
212,1057
212,1007
212,464
212,1028
212,50
212,51
212,463
212,790
212,789
212,497
212,787
212,786
212,785
212,49
212,783
212,462
212,781
212,640
212,1179
212,784
212,1023
212,695
212,812
212,782
212,780
212,1056
212,496
212,135
212,813
212,1049
212,982
212,1046
212,1178
212,1050
212,1155
212,779
212,1048
212,1051
212,1052
212,53
212,1047
212,1070
212,778
212,978
212,830
212,45
212,495
212,1044
212,147
212,775
212,777
212,1041
212,818
212,494
212,1045
212,146
212,461
212,773
212,774
212,771
212,39
212,1054
212,971
212,1053
212,788
212,972
212,485
212,52
212,1198
212,1043
212,1064
212,770
212,769
212,129
212,1080
212,460
212,1189
212,776
212,143
212,37
212,436
212,414
212,33
212,35
212,702
212,136
212,902
212,156
212,155
212,457
212,1076
212,413
212,947
212,435
212,942
212,410
212,701
212,940
212,31
212,406
212,242
212,405
212,939
212,768
212,434
212,656
212,404
212,802
212,938
212,772
212,387
212,28
212,386
212,385
212,449
212,384
212,319
212,318
212,23
212,317
212,241
212,316
212,315
212,901
212,34
212,314
212,989
212,988
212,900
212,22
212,313
212,432
212,312
212,478
212,311
212,966
212,310
212,309
212,967
212,895
212,43
212,42
212,19
212,1034
212,419
212,808
212,1062
212,817
212,130
212,239
212,131
212,795
212,796
212,57
212,416
212,949
212,1058
212,1345
212,793
212,21
212,446
212,411
212,945
212,412
212,944
212,1039
0,384
212,16
212,1346
212,17
212,443
212,1038
212,943
212,1191
212,15
212,810
212,308
212,703
212,1190
212,438
212,18
212,493
212,1071
212,831
212,827
212,826
212,1199
212,979
212,1042
212,1192
212,132
212,1040
212,32
212,38
212,14
212,980
212,13
212,1083
212,1197
212,977
212,1074
212,1196
212,1194
212,1195
212,408
212,407
212,415
212,699
212,973
212,941
212,3
212,20
212,11
388,3
293,4
295,4
297,4
385,3
7,3
260,4
195,5
9,4
316,3
258,73
258,191
195,27
258,128
195,26
258,62
195,25
258,63
258,61
195,24
258,59
195,23
258,60
258,53
258,36
258,35
258,51
258,50
195,22
258,34
258,46
258,49
258,48
258,32
258,47
258,33
258,45
258,31
258,44
195,21
258,24
258,29
258,43
258,42
258,25
258,30
258,23
195,20
258,22
258,28
258,21
258,20
195,19
258,19
258,57
258,71
195,18
258,17
258,16
258,27
258,69
195,17
258,26
258,70
258,12
258,72
258,64
195,16
258,15
195,15
258,67
258,10
258,66
258,68
258,14
258,9
258,18
195,14
258,55
258,13
258,52
258,6
258,41
258,40
258,39
258,38
258,5
258,7
195,13
258,11
258,56
258,74
258,37
258,65
258,75
258,58
258,54
258,3
258,8
258,4
195,12
195,3
47,3
262,4
143,3
75,3
0,386
206,3
219,3
221,3
221,5
86,7
86,6
86,5
86,4
192,4
144,3
325,3
190,3
349,3
349,4
247,4
92,6
92,4
265,3
304,3
304,7
74,3
2,19
2,27
2,26
2,18
2,32
2,25
2,22
2,20
2,3
1,3
173,5
86,3
173,3
247,3
0,300
0,299
0,298
0,297
0,296
0,295
0,294
0,293
0,292
0,291
0,290
0,289
0,288
0,287
0,286
0,285
0,284
0,283
0,282
0,281
0,280
0,279
0,278
0,277
0,276
0,275
0,274
0,273
0,272
0,271
0,270
0,269
0,268
0,267
0,266
0,265
0,264
0,263
0,262
0,261
0,260
0,259
0,258
0,257
0,256
0,255
0,254
0,253
0,252
0,251
0,250
0,249
0,248
0,247
0,246
0,245
0,244
0,242
0,241
0,240
0,239
0,238
0,237
0,236
0,235
0,234
0,233
0,232
0,231
0,230
0,229
0,228
0,227
0,226
0,225
0,224
0,223
0,222
0,221
0,220
0,219
0,218
0,217
0,216
0,215
0,214
0,213
0,212
0,211
0,210
0,209
0,208
0,207
0,206
0,205
0,204
0,203
0,202
0,201
0,200
0,199
0,198
0,197
0,196
0,195
0,194
0,193
0,192
0,63
0,62
0,61
0,60
0,59
0,58
0,57
0,56
0,55
0,54
0,53
0,52
0,51
0,50
0,49
0,48
0,47
0,46
0,45
0,6
185,3
185,4
380,124
380,123
380,89
380,88
380,87
380,86
380,85
380,84
380,83
380,72
380,71
380,70
380,69
380,68
380,67
380,82
380,66
380,81
380,65
380,80
380,79
380,78
380,62
380,77
380,44
380,76
380,122
380,75
380,59
380,74
380,73
380,55
380,54
380,53
380,52
380,51
380,49
380,50
380,48
380,64
380,57
380,63
380,46
380,61
380,60
380,23
380,58
380,42
380,56
380,41
380,39
380,37
380,35
380,33
380,31
380,29
380,47
380,27
380,25
380,45
380,43
380,20
380,40
380,38
380,36
380,34
380,32
380,30
380,28
380,14
380,13
380,12
380,11
380,10
380,9
380,26
380,5
380,6
380,24
380,7
380,22
380,8
380,21
380,18
380,17
380,16
369,15
369,14
369,13
369,11
369,12
369,9
369,8
369,7
369,6
368,6
363,9
363,8
408,210
408,209
408,118
408,208
408,207
408,117
408,116
408,115
408,206
408,114
408,113
408,112
408,205
408,111
408,110
408,202
408,109
408,108
408,204
408,203
408,107
408,106
408,201
408,12
408,105
408,103
408,102
408,198
408,100
408,99
408,195
408,196
408,98
408,97
408,37
408,96
408,95
408,94
408,31
408,93
408,194
408,63
408,193
408,188
408,92
408,91
408,90
408,192
408,129
408,89
408,131
408,28
408,88
408,130
408,40
408,87
408,86
408,85
408,84
408,83
408,82
408,81
408,45
408,80
408,79
408,78
408,128
408,59
408,9
408,77
408,62
408,24
408,76
408,61
408,60
408,75
408,74
408,73
408,72
408,58
408,57
408,71
408,70
408,69
408,68
408,67
408,54
408,66
408,49
408,65
408,64
408,56
408,55
408,43
408,53
408,52
408,51
408,50
408,38
408,48
408,47
408,46
408,44
408,42
408,41
408,39
408,36
408,35
408,34
408,14
408,33
408,32
408,16
408,30
408,29
408,27
408,26
408,23
408,13
408,22
408,21
408,20
408,19
408,18
408,17
408,15
408,11
408,8
408,7
408,6
408,5
402,10
387,11
387,10
387,9
387,4
387,8
387,7
387,6
387,5
386,12
386,11
386,10
386,7
351,205
351,201
351,260
351,204
351,203
351,202
351,259
351,258
351,257
351,199
351,256
351,127
351,200
351,10
351,126
351,125
351,198
351,124
351,123
351,122
351,130
351,121
351,120
351,197
351,119
351,118
351,117
351,116
351,115
351,196
351,193
351,114
351,113
351,112
351,195
351,194
351,111
351,110
351,109
351,54
351,108
351,107
351,106
351,105
351,192
351,131
351,104
351,103
351,102
351,101
351,128
351,186
351,99
351,98
351,62
351,96
351,95
351,61
351,94
351,93
351,92
351,60
351,91
351,90
351,89
351,58
351,88
351,87
351,59
351,86
351,57
351,85
351,84
351,83
351,56
351,82
351,81
351,80
351,79
351,78
351,77
351,75
351,74
351,73
351,53
351,72
351,71
351,70
351,69
351,68
351,50
351,67
351,66
351,65
351,64
351,52
351,51
351,46
351,49
351,48
351,47
351,42
351,45
351,44
351,43
351,37
351,41
351,40
351,39
351,38
351,33
351,36
351,35
351,34
351,28
351,32
351,31
351,30
351,29
351,15
351,27
351,26
351,25
351,24
351,23
351,13
351,22
351,21
351,20
351,19
351,18
351,17
351,16
351,14
351,9
351,12
351,11
351,8
351,7
351,6
351,5
331,49
331,48
331,47
331,46
331,24
331,42
331,41
331,40
331,9
331,39
331,38
331,37
331,34
331,36
331,35
331,14
331,33
331,32
331,31
331,30
331,29
331,10
331,28
331,27
331,26
331,19
331,23
331,12
331,22
331,21
331,20
331,18
331,16
331,15
331,13
331,11
331,8
331,6
331,5
328,26
328,25
328,19
328,24
328,23
328,22
328,21
328,20
328,14
328,18
328,17
328,16
328,15
328,13
328,12
328,10
328,9
328,8
328,7
328,6
328,5
318,59
318,57
318,55
318,54
318,53
318,52
318,44
318,48
318,45
318,38
318,42
318,40
318,39
318,33
318,36
318,27
318,32
318,31
318,29
318,28
318,23
318,26
318,24
318,16
318,21
318,20
318,19
318,17
318,13
318,15
318,12
318,11
318,8
318,7
318,6
263,245
263,244
263,279
263,278
263,243
263,277
263,242
263,276
263,275
263,241
263,274
263,273
263,239
263,272
263,271
263,240
263,238
263,270
263,237
263,269
263,234
263,268
263,267
263,266
263,236
263,235
263,233
263,265
263,264
263,232
263,263
263,262
263,230
263,261
263,260
263,259
263,231
263,229
263,258
263,257
263,226
263,256
263,127
263,228
263,227
263,225
263,126
263,125
263,224
263,124
263,123
263,222
263,122
263,121
263,120
263,223
263,221
263,119
263,118
263,218
263,117
263,116
263,220
263,219
263,217
263,115
263,114
263,216
263,113
263,112
263,214
263,111
263,110
263,109
263,215
263,213
263,108
263,107
263,210
263,106
263,105
263,212
263,211
263,209
263,104
263,103
263,208
263,102
263,101
263,206
263,100
263,99
263,98
263,207
263,205
263,97
263,96
263,202
263,95
263,94
263,204
263,203
263,201
263,93
263,92
263,200
263,91
263,90
263,198
263,89
263,88
263,87
263,199
263,197
263,86
263,85
263,194
263,84
263,83
263,196
263,195
263,193
263,82
263,81
263,192
263,80
263,79
263,131
263,78
263,77
263,76
263,132
263,130
263,75
263,74
263,129
263,73
263,128
263,72
263,71
263,63
263,70
263,69
263,60
263,68
263,67
263,66
263,62
263,61
263,59
263,65
263,64
263,57
263,58
263,53
263,56
263,55
263,54
263,50
263,52
263,51
263,47
263,49
263,48
263,42
263,46
263,45
263,44
263,43
263,39
263,41
263,40
263,35
263,38
263,37
263,36
263,32
263,34
263,33
263,29
263,31
263,30
263,26
263,28
263,27
263,23
263,25
263,24
263,18
263,22
263,21
263,20
263,19
263,15
263,17
263,16
263,11
263,14
263,13
263,12
263,9
263,10
263,8
263,4
263,7
263,6
263,5
257,48
257,47
257,46
257,36
257,45
257,44
257,25
257,42
257,24
257,41
257,40
257,39
257,38
257,37
257,35
257,34
257,33
257,32
257,31
257,30
257,29
257,10
257,28
257,27
257,26
257,11
257,13
257,23
257,22
257,12
257,21
257,20
257,19
257,17
257,16
257,15
257,14
257,5
257,9
257,8
257,7
257,6
255,39
255,54
255,53
255,52
255,27
255,51
255,50
255,14
255,49
255,48
255,47
255,16
255,46
255,23
255,45
255,44
255,15
255,43
255,42
255,41
255,40
255,38
255,37
255,36
255,6
255,5
255,7
255,35
255,22
255,34
255,33
255,32
255,25
255,31
255,30
255,29
255,28
255,26
255,24
255,17
255,21
255,20
255,19
255,18
255,4
255,8
255,13
255,12
255,11
255,10
255,9
252,130
252,91
252,90
252,129
252,85
252,128
252,65
252,86
252,66
252,83
252,82
252,81
252,13
252,80
252,79
252,51
252,78
252,77
252,76
252,47
